0.005928	 0.005928
0.011856	 0.013548
0.011856	 0.022381
0.011856	 0.031518
0.011856	 0.040776
0.011856	 0.050095
0.011856	 0.059448
0.011856	 0.068823
0.011856	 0.078212
0.011856	 0.087612
0.011856	 0.097019
0.011856	 0.106431
0.033024	 0.114220
0.033024	 0.122244
0.051904	 0.129198
0.051904	 0.136463
0.051904	 0.143984
0.051904	 0.151719
0.070784	 0.158639
0.070784	 0.165811
0.070784	 0.173199
0.070784	 0.180773
0.089664	 0.187689
0.089664	 0.194816
0.089664	 0.202127
0.089664	 0.209602
0.108544	 0.216524
0.108544	 0.223625
0.108544	 0.230887
0.108544	 0.238295
0.127424	 0.245225
0.127424	 0.252312
0.127424	 0.259541
0.127424	 0.266900
0.146304	 0.273839
0.146304	 0.280917
0.146304	 0.288123
0.146304	 0.295446
0.165184	 0.302393
0.165184	 0.309465
0.165184	 0.316653
0.165184	 0.323948
0.184064	 0.330904
0.184064	 0.337972
0.184064	 0.345146
0.184064	 0.352419
0.202944	 0.359382
0.202944	 0.366448
0.202944	 0.373611
0.202944	 0.380865
0.221824	 0.387835
0.221824	 0.394900
0.221824	 0.402054
0.221824	 0.409293
0.240704	 0.416269
0.240704	 0.423332
0.240704	 0.430479
0.240704	 0.437705
0.259584	 0.444687
0.259584	 0.451750
0.259584	 0.458891
0.259584	 0.466106
0.278464	 0.473092
0.278464	 0.480155
0.278464	 0.487291
0.278464	 0.494497
0.297344	 0.501488
0.297344	 0.508551
0.316224	 0.515409
0.316224	 0.522340
0.335104	 0.529077
0.335104	 0.535889
0.353984	 0.542514
0.353984	 0.549215
0.372864	 0.555737
0.372864	 0.562336
0.391744	 0.568764
0.391744	 0.575269
0.410624	 0.581610
0.410624	 0.588027
0.429504	 0.594287
0.429504	 0.600624
0.448384	 0.606808
0.448384	 0.613070
0.467264	 0.619184
0.467264	 0.625376
0.467264	 0.631642
0.486144	 0.637766
0.486144	 0.643965
0.505024	 0.650026
0.505024	 0.656161
0.523904	 0.662162
0.523904	 0.668238
0.542784	 0.674184
0.542784	 0.680204
0.561664	 0.686099
0.561664	 0.692066
0.580544	 0.697912
0.580544	 0.703831
0.599424	 0.709631
0.599424	 0.715503
0.618304	 0.721260
0.618304	 0.727088
0.637184	 0.732805
0.637184	 0.738592
0.656064	 0.744270
0.656064	 0.750019
0.656064	 0.755836
0.674944	 0.761546
0.674944	 0.767324
0.693824	 0.772997
0.693824	 0.778738
0.712704	 0.784378
0.712704	 0.790084
0.731584	 0.795691
0.731584	 0.801364
0.750464	 0.806940
0.750464	 0.812581
0.769344	 0.818128
0.769344	 0.823740
0.788224	 0.829258
0.788224	 0.834841
0.807104	 0.840334
0.807104	 0.845890
0.825984	 0.851357
0.825984	 0.856887
0.844864	 0.862330
0.844864	 0.867836
0.844864	 0.873402
0.863744	 0.878883
0.863744	 0.884424
0.882624	 0.889882
0.882624	 0.895399
0.901504	 0.900834
0.901504	 0.906328
0.920384	 0.911741
0.920384	 0.917214
0.939264	 0.922607
0.939264	 0.928058
0.958144	 0.933431
0.958144	 0.938862
0.977024	 0.944216
0.977024	 0.949628
0.995904	 0.954965
0.995904	 0.960358
1.014780	 0.965677
1.014780	 0.971052
1.033660	 0.976355
1.033660	 0.981713
1.033660	 0.987125
1.052540	 0.992466
1.052540	 0.997861
1.071420	 1.003185
1.071420	 1.008563
1.090300	 1.013872
1.090300	 1.019233
1.109180	 1.024526
1.109180	 1.029871
1.128060	 1.035150
1.128060	 1.040480
1.146940	 1.045744
1.146940	 1.051060
1.165820	 1.056310
1.165820	 1.061612
1.184700	 1.066849
1.184700	 1.072137
1.203580	 1.077361
1.203580	 1.082636
1.222460	 1.087849
1.222460	 1.093111
1.222460	 1.098422
1.241340	 1.103671
1.241340	 1.108968
1.260220	 1.114205
1.260220	 1.119490
1.279100	 1.124715
1.279100	 1.129987
1.297980	 1.135200
1.297980	 1.140460
1.316860	 1.145662
1.316860	 1.150911
1.335740	 1.156102
1.335740	 1.161339
1.354620	 1.166520
1.354620	 1.171747
1.373500	 1.176917
1.373500	 1.182133
1.392380	 1.187294
1.392380	 1.192500
1.411260	 1.197651
1.411260	 1.202847
1.411260	 1.208087
1.430140	 1.213273
1.430140	 1.218502
1.449020	 1.223678
1.449020	 1.228898
1.467900	 1.234065
1.467900	 1.239274
1.486780	 1.244432
1.486780	 1.249632
1.505660	 1.254781
1.505660	 1.259972
1.524540	 1.265111
1.524540	 1.270293
1.543420	 1.275425
1.543420	 1.280598
1.562300	 1.285721
1.562300	 1.290886
1.581180	 1.296002
1.581180	 1.301158
1.600060	 1.306266
1.600060	 1.311414
1.600060	 1.316603
1.618940	 1.321744
1.618940	 1.326924
1.637820	 1.332056
1.637820	 1.337228
1.656700	 1.342353
1.656700	 1.347517
1.675580	 1.352634
1.675580	 1.357790
1.694460	 1.362900
1.694460	 1.368049
1.713340	 1.373151
1.713340	 1.378293
1.732220	 1.383388
1.732220	 1.388522
1.751100	 1.393611
1.751100	 1.398738
1.769980	 1.403821
1.769980	 1.408941
1.788860	 1.414017
1.788860	 1.419130
1.788860	 1.424280
1.807740	 1.429387
1.807740	 1.434530
1.826620	 1.439630
1.826620	 1.444766
1.845500	 1.449860
1.845500	 1.454989
1.864380	 1.460076
1.864380	 1.465199
1.883260	 1.470280
1.883260	 1.475397
1.902140	 1.480472
1.902140	 1.485582
1.921020	 1.490651
1.921020	 1.495755
1.939900	 1.500818
1.939900	 1.505916
1.958780	 1.510974
1.958780	 1.516066
1.977660	 1.521118
1.977660	 1.526205
1.977660	 1.531326
1.996540	 1.536406
1.996540	 1.541521
2.015420	 1.546596
2.015420	 1.551705
2.034300	 1.556774
2.034300	 1.561877
2.053180	 1.566941
2.053180	 1.572038
2.072060	 1.577097
2.072060	 1.582189
2.090940	 1.587242
2.090940	 1.592328
2.109820	 1.597377
2.109820	 1.602458
2.128700	 1.607501
2.128700	 1.612577
2.147580	 1.617615
2.147580	 1.622686
2.166460	 1.627720
2.166460	 1.632785
2.166460	 1.637883
2.185340	 1.642944
2.185340	 1.648036
2.204220	 1.653091
2.204220	 1.658178
2.223100	 1.663229
2.223100	 1.668311
2.241980	 1.673357
2.241980	 1.678434
2.260860	 1.683475
2.260860	 1.688547
2.279740	 1.693584
2.279740	 1.698651
2.298620	 1.703683
2.298620	 1.708746
2.317500	 1.713774
2.317500	 1.718832
2.336380	 1.723855
2.336380	 1.728909
2.355260	 1.733928
2.355260	 1.738977
2.355260	 1.744056
2.374140	 1.749101
2.374140	 1.754175
2.393020	 1.759215
2.393020	 1.764284
2.411900	 1.769320
2.411900	 1.774385
2.430780	 1.779417
2.430780	 1.784477
2.449660	 1.789505
2.449660	 1.794561
2.468540	 1.799584
2.468540	 1.804636
2.487420	 1.809656
2.487420	 1.814704
2.506300	 1.819719
2.506300	 1.824763
2.525180	 1.829774
2.525180	 1.834814
2.544060	 1.839822
2.544060	 1.844858
2.544060	 1.849921
2.562940	 1.854953
2.562940	 1.860012
2.581820	 1.865040
2.581820	 1.870095
2.600700	 1.875119
2.600700	 1.880170
2.619580	 1.885190
2.619580	 1.890237
2.638460	 1.895253
2.638460	 1.900297
2.657340	 1.905309
2.657340	 1.910349
2.676220	 1.915358
2.676220	 1.920393
2.695100	 1.925399
2.695100	 1.930431
2.713980	 1.935433
2.713980	 1.940461
2.732860	 1.945459
2.732860	 1.950484
2.732860	 1.955535
2.751740	 1.960556
2.751740	 1.965603
2.770620	 1.970621
2.770620	 1.975664
2.789500	 1.980678
2.789500	 1.985718
2.808380	 1.990728
2.808380	 1.995764
2.827260	 2.000772
2.827260	 2.005804
2.846140	 2.010808
2.846140	 2.015837
2.865020	 2.020837
2.865020	 2.025863
2.883900	 2.030860
2.883900	 2.035882
2.902780	 2.040876
2.902780	 2.045895
2.921660	 2.050886
2.921660	 2.055902
2.921660	 2.060942
2.940540	 2.065955
2.940540	 2.070991
2.959420	 2.076000
2.959420	 2.081034
2.978300	 2.086040
2.978300	 2.091070
2.997180	 2.096072
2.997180	 2.101099
3.016060	 2.106099
3.016060	 2.111122
3.034940	 2.116119
3.034940	 2.121139
3.053820	 2.126132
3.053820	 2.131150
3.072700	 2.136140
3.072700	 2.141154
3.091580	 2.146142
3.091580	 2.151153
3.110460	 2.156137
3.110460	 2.161145
3.110460	 2.166177
3.129340	 2.171182
3.129340	 2.176210
3.148220	 2.181212
3.148220	 2.186237
3.167100	 2.191236
3.167100	 2.196258
3.185980	 2.201254
3.185980	 2.206273
3.204860	 2.211266
3.204860	 2.216282
3.223740	 2.221272
3.223740	 2.226285
3.242620	 2.231272
3.242620	 2.236282
3.261500	 2.241267
3.261500	 2.246274
3.280380	 2.251256
3.280380	 2.256261
3.299260	 2.261240
3.299260	 2.266242
3.299260	 2.271266
3.318140	 2.276241
3.318140	 2.281216
3.337020	 2.286142
3.337020	 2.291068
3.355900	 2.295946
3.355900	 2.300823
3.374780	 2.305653
3.374780	 2.310483
3.393660	 2.315267
3.393660	 2.320050
3.412540	 2.324787
3.412540	 2.329524
3.431420	 2.334216
3.431420	 2.338908
3.450300	 2.343555
3.450300	 2.348202
3.469180	 2.352805
3.469180	 2.357408
3.488060	 2.361967
3.488060	 2.366526
3.488060	 2.371087
3.506940	 2.375603
3.506940	 2.380121
3.525820	 2.384595
3.525820	 2.389071
3.544700	 2.393503
3.544700	 2.397937
3.563580	 2.402328
3.563580	 2.406721
3.582460	 2.411071
3.582460	 2.415424
3.601340	 2.419734
3.601340	 2.424046
3.620220	 2.428317
3.620220	 2.432590
3.639100	 2.436822
3.639100	 2.441056
3.657980	 2.445250
3.657980	 2.449445
3.676860	 2.453601
3.676860	 2.457759
3.676860	 2.461919
3.695740	 2.466040
3.695740	 2.470163
3.714620	 2.474247
3.714620	 2.478333
3.733500	 2.482381
3.733500	 2.486431
3.752380	 2.490443
3.752380	 2.494457
3.771260	 2.498433
3.771260	 2.502412
3.790140	 2.506353
3.790140	 2.510298
3.809020	 2.514205
3.809020	 2.518115
3.827900	 2.521987
3.827900	 2.525863
3.846780	 2.529702
3.846780	 2.533545
3.865660	 2.537351
3.865660	 2.541160
3.865660	 2.544974
3.884540	 2.548751
3.884540	 2.552532
3.903420	 2.556276
3.903420	 2.560025
3.922300	 2.563738
3.922300	 2.567455
3.941180	 2.571136
3.941180	 2.574822
3.960060	 2.578472
3.960060	 2.582127
3.978940	 2.585747
3.978940	 2.589371
3.997820	 2.592960
3.997820	 2.596554
4.016700	 2.600113
4.016700	 2.603677
4.035580	 2.607207
4.035580	 2.610742
4.054460	 2.614242
4.054460	 2.617748
4.054460	 2.621259
4.073340	 2.624736
4.073340	 2.628217
4.092220	 2.631666
4.092220	 2.635119
4.111100	 2.638540
4.111100	 2.641965
4.129980	 2.645358
4.129980	 2.648756
4.148860	 2.652121
4.148860	 2.655491
4.167740	 2.658829
4.167740	 2.662173
4.186620	 2.665484
4.186620	 2.668801
4.205500	 2.672086
4.205500	 2.675376
4.205500	 2.678672
4.224380	 2.681937
4.224380	 2.685207
4.243260	 2.688445
4.243260	 2.691690
4.262140	 2.694903
4.262140	 2.698122
4.281020	 2.701309
4.281020	 2.704503
4.299900	 2.707666
4.299900	 2.710835
4.318780	 2.713973
4.318780	 2.717118
4.318780	 2.720268
4.337660	 2.723388
4.337660	 2.726515
4.356540	 2.729611
4.356540	 2.732713
4.375420	 2.735785
4.375420	 2.738864
4.394300	 2.741913
4.394300	 2.744968
4.394300	 2.748029
4.413180	 2.751061
4.413180	 2.754099
4.432060	 2.757108
4.432060	 2.760123
4.450940	 2.763110
4.450940	 2.766102
4.469820	 2.769066
4.469820	 2.772036
4.488700	 2.774978
4.488700	 2.777926
4.488700	 2.780881
4.507580	 2.783807
4.507580	 2.786740
4.526460	 2.789644
4.526460	 2.792555
4.545340	 2.795438
4.545340	 2.798328
4.564220	 2.801190
4.564220	 2.804058
4.564220	 2.806933
4.583100	 2.809781
4.583100	 2.812635
4.601980	 2.815462
4.601980	 2.818296
4.620860	 2.821102
4.620860	 2.823915
4.639740	 2.826701
4.639740	 2.829493
4.639740	 2.832293
4.658620	 2.835066
4.658620	 2.837845
4.677500	 2.840598
4.677500	 2.843358
4.696380	 2.846091
4.696380	 2.848831
4.696380	 2.851578
4.715260	 2.854299
4.715260	 2.857026
4.734140	 2.859728
4.734140	 2.862436
4.753020	 2.865118
4.753020	 2.867808
4.771900	 2.870471
4.771900	 2.873142
4.771900	 2.875819
4.790780	 2.878471
4.790780	 2.881130
4.809660	 2.883763
4.809660	 2.886404
4.828540	 2.889019
4.828540	 2.891641
4.828540	 2.894271
4.847420	 2.896875
4.847420	 2.899486
4.866300	 2.902072
4.866300	 2.904666
4.885180	 2.907234
4.885180	 2.909810
4.904060	 2.912360
4.904060	 2.914918
4.904060	 2.917484
4.922940	 2.920025
4.922940	 2.922573
4.941820	 2.925096
4.941820	 2.927627
4.941820	 2.930165
4.960700	 2.932679
4.960700	 2.935200
4.979580	 2.937697
4.979580	 2.940201
4.998460	 2.942681
4.998460	 2.945169
4.998460	 2.947664
5.017340	 2.950135
5.017340	 2.952613
5.036220	 2.955068
5.036220	 2.957530
5.055100	 2.959967
5.055100	 2.962762
5.055100	 2.965596
5.073980	 2.968438
5.073980	 2.971303
5.092860	 2.974158
5.092860	 2.977035
5.111740	 2.979902
5.111740	 2.982791
5.111740	 2.985701
5.130620	 2.988601
5.130620	 2.991523
5.149500	 2.994436
5.149500	 2.997369
5.168380	 3.000293
5.168380	 3.003239
5.168380	 2.999476
5.187260	 2.995709
5.187260	 2.991970
5.206140	 2.988228
5.206140	 2.984513
5.225020	 2.980795
5.225020	 2.977104
5.225020	 2.973440
5.243900	 2.969772
5.243900	 2.966131
5.262780	 2.962487
5.262780	 2.958869
5.262780	 2.955277
5.281660	 2.951682
5.281660	 2.948114
5.300540	 2.944541
5.300540	 2.940995
5.300540	 2.937475
5.319420	 2.933951
5.319420	 2.930453
5.338300	 2.926951
5.338300	 2.923475
5.357180	 2.919995
5.357180	 2.916540
5.357180	 2.913111
5.376060	 2.909678
5.376060	 2.906270
5.394940	 2.902858
5.394940	 2.899471
5.394940	 2.896109
5.413820	 2.892743
5.413820	 2.889402
5.432700	 2.886057
5.432700	 2.882736
5.451580	 2.879411
5.451580	 2.876111
5.451580	 2.872835
5.470460	 2.869555
5.470460	 2.866299
5.489340	 2.863039
5.489340	 2.859803
5.489340	 2.856591
5.508220	 2.853374
5.508220	 2.850182
5.527100	 2.846984
5.527100	 2.843811
5.545980	 2.840633
5.545980	 2.837479
5.545980	 2.834348
5.564860	 2.831213
5.564860	 2.828101
5.583740	 2.824984
5.583740	 2.821891
5.583740	 2.818821
5.602620	 2.815746
5.602620	 2.812694
5.621500	 2.809637
5.621500	 2.806603
5.621500	 2.803592
5.640380	 2.800576
5.640380	 2.797583
5.659260	 2.794585
5.659260	 2.791609
5.659260	 2.788656
5.678140	 2.785698
5.678140	 2.782762
5.697020	 2.779821
5.697020	 2.776903
5.697020	 2.774007
5.715900	 2.771105
5.715900	 2.768225
5.734780	 2.765340
5.734780	 2.762478
5.734780	 2.759637
5.753660	 2.756790
5.753660	 2.753966
5.772540	 2.751136
5.772540	 2.748327
5.772540	 2.745541
5.791420	 2.742748
5.791420	 2.739978
5.810300	 2.737201
5.810300	 2.734446
5.810300	 2.731713
5.829180	 2.728973
5.829180	 2.726255
5.848060	 2.723531
5.848060	 2.720829
5.848060	 2.718147
5.866940	 2.715460
5.866940	 2.712793
5.885820	 2.710121
5.885820	 2.707469
5.885820	 2.704838
5.904700	 2.702201
5.904700	 2.699585
5.923580	 2.696963
5.923580	 2.694362
5.923580	 2.691781
5.942460	 2.689194
5.942460	 2.686627
5.961340	 2.684054
5.961340	 2.681502
5.961340	 2.678970
5.980220	 2.676431
5.980220	 2.673913
5.999100	 2.671389
5.999100	 2.668884
5.999100	 2.666400
6.017980	 2.663909
6.017980	 2.661438
6.036860	 2.658961
6.036860	 2.656504
6.036860	 2.654066
6.055740	 2.651622
6.055740	 2.649197
6.074620	 2.646767
6.074620	 2.644355
6.074620	 2.641963
6.093500	 2.639565
6.093500	 2.637186
6.112380	 2.634801
6.112380	 2.632435
6.112380	 2.630088
6.131260	 2.627734
6.131260	 2.625400
6.150140	 2.623059
6.150140	 2.620737
6.150140	 2.618434
6.169020	 2.616125
6.169020	 2.613834
6.187900	 2.611537
6.187900	 2.609258
6.187900	 2.606998
6.206780	 2.604732
6.206780	 2.602484
6.225660	 2.600230
6.225660	 2.597994
6.225660	 2.595776
6.244540	 2.593552
6.244540	 2.591346
6.263420	 2.589133
6.263420	 2.586939
6.263420	 2.584763
6.282300	 2.582580
6.282300	 2.580415
6.301180	 2.578244
6.301180	 2.576090
6.301180	 2.573955
6.320060	 2.571813
6.320060	 2.569688
6.338940	 2.567557
6.338940	 2.565444
6.338940	 2.563348
6.357820	 2.561246
6.357820	 2.559161
6.376700	 2.557069
6.376700	 2.554995
6.376700	 2.552938
6.395580	 2.550875
6.395580	 2.548829
6.403600	 2.546790
6.414460	 2.544754
6.422480	 2.542726
6.431920	 2.540703
6.441360	 2.538684
6.450800	 2.536671
6.460240	 2.534663
6.469680	 2.532661
6.479120	 2.530663
6.488560	 2.528670
6.498000	 2.526682
6.507440	 2.524700
6.516880	 2.522722
6.526320	 2.520750
6.535760	 2.518782
6.545200	 2.516819
6.554640	 2.514862
6.564080	 2.512909
6.573520	 2.510961
6.582960	 2.509018
6.592400	 2.507079
6.601840	 2.505146
6.611280	 2.503218
6.620720	 2.501294
6.630160	 2.499375
6.639600	 2.497461
6.649040	 2.495551
6.658480	 2.493646
6.667920	 2.491746
6.677360	 2.489851
6.686800	 2.487960
6.696240	 2.486074
6.705680	 2.484193
6.715120	 2.482316
6.724560	 2.480444
6.734000	 2.478577
6.743440	 2.476714
6.752880	 2.474856
6.762320	 2.473002
6.771760	 2.471153
6.781200	 2.469308
6.790640	 2.467467
6.800080	 2.465632
6.809520	 2.463800
6.818960	 2.461973
6.828400	 2.460151
6.837840	 2.458333
6.847280	 2.456519
6.856720	 2.454710
6.866160	 2.452905
6.875600	 2.451105
6.885040	 2.449308
6.894480	 2.447516
6.903920	 2.445729
6.913360	 2.443945
6.922800	 2.442166
6.932240	 2.440392
6.941680	 2.438621
6.951120	 2.436855
6.960560	 2.435093
6.970000	 2.433335
6.979440	 2.431581
6.988880	 2.429831
6.998320	 2.428086
7.007760	 2.426345
7.017200	 2.424608
7.026640	 2.422874
7.036080	 2.421146
7.045520	 2.419421
7.054960	 2.417700
7.064400	 2.415983
7.073840	 2.414270
7.083280	 2.412562
7.092720	 2.410857
7.102160	 2.409156
7.111600	 2.407459
7.121040	 2.405767
7.130480	 2.404078
7.139920	 2.402393
7.149360	 2.400712
7.158800	 2.399035
7.168240	 2.397362
7.177680	 2.395692
7.187120	 2.394027
7.196560	 2.392365
7.206000	 2.390708
7.215440	 2.389054
7.224880	 2.387404
7.234320	 2.385757
7.243760	 2.384115
7.253200	 2.382476
7.262640	 2.380841
7.272080	 2.379210
7.281520	 2.377583
7.290960	 2.375959
7.300400	 2.374339
7.309840	 2.372723
7.319280	 2.371110
7.328720	 2.369501
7.338160	 2.367896
7.347600	 2.366294
7.357040	 2.364696
7.366480	 2.363102
7.375920	 2.361511
7.385360	 2.359924
7.394800	 2.358340
7.404240	 2.356760
7.413680	 2.355184
7.423120	 2.353611
7.432560	 2.352041
7.442000	 2.350475
7.451440	 2.348913
7.460880	 2.347354
7.470320	 2.345799
7.479760	 2.344247
7.489200	 2.342699
7.498640	 2.341154
7.508080	 2.339612
7.517520	 2.338074
7.526960	 2.336540
7.536400	 2.335008
7.545840	 2.333481
7.555280	 2.331956
7.564720	 2.330435
7.574160	 2.328917
7.583600	 2.327403
7.593040	 2.325892
7.602480	 2.324384
7.611920	 2.322880
7.621360	 2.321379
7.630800	 2.319881
7.640240	 2.318387
7.649680	 2.316896
7.659120	 2.315408
7.668560	 2.313923
7.678000	 2.312442
7.687440	 2.310964
7.696880	 2.309489
7.706320	 2.308017
7.715760	 2.306548
7.726880	 2.305081
7.736450	 2.303617
7.755330	 2.302146
7.764770	 2.300678
7.774210	 2.299213
7.793090	 2.297741
7.802530	 2.296273
7.821410	 2.294797
7.830850	 2.293324
7.849730	 2.291845
7.859170	 2.290369
7.878050	 2.288885
7.887490	 2.287405
7.906370	 2.285918
7.915810	 2.284434
7.934690	 2.282943
7.944130	 2.281456
7.953570	 2.279971
7.972450	 2.278480
7.981890	 2.276992
8.000770	 2.275497
8.010210	 2.274005
8.029090	 2.272506
8.038530	 2.271011
8.057410	 2.269509
8.066850	 2.268009
8.085730	 2.266503
8.095170	 2.265001
8.114050	 2.263491
8.123490	 2.261985
8.132930	 2.260481
8.151810	 2.258971
8.161250	 2.257465
8.180130	 2.255951
8.189570	 2.254441
8.208450	 2.252923
8.217890	 2.251409
8.236770	 2.249889
8.246210	 2.248371
8.265090	 2.246847
8.274530	 2.245326
8.283970	 2.243808
8.312290	 2.242274
8.321730	 2.240743
8.331170	 2.239215
8.340610	 2.237690
8.350050	 2.236169
8.359490	 2.234650
8.368930	 2.233135
8.378370	 2.231623
8.387810	 2.230114
8.397250	 2.228608
8.406690	 2.227105
8.416130	 2.225605
8.425570	 2.224108
8.435010	 2.222615
8.444450	 2.221124
8.453890	 2.219637
8.463330	 2.218152
8.472770	 2.216671
8.482210	 2.215192
8.491650	 2.213717
8.501090	 2.212245
8.510530	 2.210775
8.519970	 2.209309
8.529410	 2.207845
8.538850	 2.206385
8.548290	 2.204928
8.557730	 2.203473
8.567170	 2.202021
8.576610	 2.200573
8.586050	 2.199127
8.595490	 2.197684
8.604930	 2.196244
8.614370	 2.194807
8.623810	 2.193373
8.633250	 2.191942
8.642690	 2.190513
8.652130	 2.189088
8.661570	 2.187665
8.671010	 2.186245
8.680450	 2.184828
8.689890	 2.183414
8.699330	 2.182003
8.701390	 2.180602
9.482460	 2.178446
9.702770	 2.176295
9.702770	 2.174158
9.732510	 2.172015
9.732510	 2.169886
9.732510	 2.167771
9.732510	 2.165669
9.762260	 2.163551
9.762260	 2.161447
9.762260	 2.159356
9.762260	 2.157278
9.781140	 2.155196
9.781140	 2.153126
9.781140	 2.151071
9.781140	 2.149028
9.800020	 2.146980
9.800020	 2.144946
9.800020	 2.142924
9.800020	 2.140916
9.818900	 2.138902
9.818900	 2.136902
9.818900	 2.134915
9.818900	 2.132941
