0.011856    75573.549258 
0.033024    47612.927312 
0.062768    62540.191642 
0.092512    66673.836577 
0.112816    65129.724967 
0.131696    65648.958363 
0.150576    63923.596965 
0.169456    61444.545064 
0.188336    60071.817650 
0.207216    58165.626260 
0.226096    56079.096423 
0.244976    54371.940083 
0.263856    52585.180676 
0.282736    50806.497472 
0.301616    49264.972029 
0.320496    47743.114667 
0.339376    46267.062694 
0.358256    44955.016496 
0.377136    43681.737304 
0.396016    42455.929448 
0.414896    41346.865198 
0.433776    40276.399060 
0.452656    39247.432557 
0.471536    38304.213263 
0.490416    37394.926088 
0.509296    36520.353235 
0.528176    35710.563556 
0.547056    34929.536568 
0.565936    34177.252263 
0.584816    33475.120244 
0.603696    32797.136595 
0.622576    32142.988788 
0.641456    31528.486303 
0.660336    30934.269517 
0.679216    30359.939509 
0.698096    29817.516723 
0.716976    29292.215080 
0.735856    28783.633149 
0.754736    28301.132342 
0.773616    27833.173786 
0.792496    27379.385936 
0.811376    26947.207032 
0.830256    26527.465126 
0.849136    26119.828804 
0.868016    25730.309653 
0.886896    25351.500415 
0.905776    24983.110594 
0.924656    24630.070348 
0.943536    24286.314156 
0.962416    23951.589414 
0.981296    23629.991132 
1.000180    23316.490731 
1.019060    23010.870170 
1.037940    22716.568888 
1.056820    22429.374240 
1.075700    22149.096377 
1.094580    21878.652826 
1.113460    21614.479661 
1.132340    21356.412074 
1.151220    21106.946740 
1.170100    20863.042377 
1.188980    20624.555562 
1.207860    20393.639758 
1.226740    20167.679347 
1.245620    19946.549151 
1.264500    19732.119870 
1.283380    19522.125999 
1.302260    19316.457927 
1.321140    19116.751248 
1.340020    18921.031012 
1.358900    18729.200913 
1.377780    18542.699429 
1.396660    18359.794711 
1.415540    18180.401861 
1.434420    18005.792820 
1.453300    17834.440674 
1.472180    17666.270323 
1.491060    17502.412033 
1.509940    17341.512836 
1.528820    17183.506083 
1.547700    17029.400731 
1.566580    16877.992404 
1.585460    16729.221757 
1.604340    16583.993270 
1.623220    16441.230239 
1.642100    16300.879667 
1.660980    16163.755544 
1.679860    16028.891479 
1.698740    15896.239993 
1.717620    15766.536319 
1.736500    15638.909851 
1.755380    15513.317936 
1.774260    15390.426923 
1.793140    15269.449782 
1.812020    15150.348089 
1.830900    15033.727682 
1.849780    14918.874773 
1.868660    14805.754659 
1.887540    14694.919799 
1.906420    14585.720865 
1.925300    14478.126430 
1.944180    14372.641689 
1.963060    14268.674261 
1.981940    14166.195617 
2.000820    14065.668948 
2.019700    13966.552366 
2.038580    13868.819916 
2.057460    13772.897327 
2.076340    13678.287643 
2.095220    13584.967198 
2.114100    13493.328201 
2.132980    13402.913812 
2.151860    13313.702402 
2.170740    13226.056105 
2.189620    13139.553998 
2.208500    13054.176277 
2.227380    12970.258005 
2.246260    12887.410519 
2.265140    12805.615651 
2.284020    12725.184030 
2.302900    12645.756051 
2.321780    12567.315012 
2.340660    12490.149437 
2.359540    12413.925956 
2.378420    12338.629190 
2.397300    12264.527610 
2.416180    12191.311599 
2.435060    12118.966970 
2.453940    12047.743963 
2.472820    11977.354513 
2.491700    11907.785512 
2.510580    11839.270586 
2.529460    11771.541274 
2.548340    11704.585445 
2.567220    11638.621553 
2.586100    11573.399006 
2.604980    11508.906558 
2.623860    11445.348783 
2.642740    11382.491407 
2.661620    11320.323994 
2.680500    11259.038387 
2.699380    11198.415251 
2.718260    11138.444882 
2.737140    11079.307435 
2.756020    11020.797268 
2.774900    10962.905350 
2.793780    10905.801078 
2.812660    10849.291391 
2.831540    10793.367871 
2.850420    10738.189998 
2.869300    10683.576291 
2.888180    10629.518892 
2.907060    10576.168160 
2.925940    10523.353249 
2.944820    10471.066820 
2.963700    10419.450730 
2.982580    10368.344022 
3.001460    10317.739827 
3.020340    10267.772164 
3.039220    10218.289186 
3.058100    10169.284461 
3.076980    10120.884732 
3.095860    10072.946593 
3.114860    10025.463198 
3.124300    9978.619193 
3.133740    9932.276124 
3.143180    9886.425570 
3.152620    9841.182977 
3.162060    9796.414046 
3.171500    9752.110976 
3.180940    9708.386547 
3.190380    9665.110418 
3.199820    9622.275354 
3.209260    9579.991543 
3.218830    9538.131614 
3.228270    9496.689672 
3.237710    9455.773369 
3.247150    9415.259753 
3.256590    9375.142585 
3.266160    9335.526296 
3.275600    9296.292165 
3.285040    9257.434387 
3.294480    9219.055776 
3.303920    9181.040129 
3.313360    9143.382037 
3.322800    9106.182007 
3.332240    9069.326986 
3.341680    9032.811934 
3.351120    8996.735115 
3.360560    8960.986493 
3.370000    8925.561367 
3.379440    8890.555824 
3.388880    8855.862723 
3.398320    8821.477672 
3.407760    8787.494645 
3.417200    8753.809279 
3.426640    8720.417467 
3.436080    8687.411130 
3.445520    8654.688573 
3.454960    8622.245954 
3.464400    8590.173199 
3.473840    8558.371177 
3.483280    8526.836290 
3.492720    8495.656527 
3.502160    8464.735222 
3.511600    8434.069004 
3.521040    8403.743979 
3.530480    8373.665855 
3.539920    8343.831468 
3.549360    8314.325100 
3.558800    8285.054740 
3.568240    8256.017418 
3.577680    8227.295642 
3.587120    8198.799600 
3.596560    8170.526504 
3.606000    8142.557134 
3.615440    8114.803802 
3.624880    8087.263886 
3.634320    8060.016489 
3.643760    8032.975969 
3.653200    8006.139861 
3.662640    7979.585637 
3.672080    7953.229630 
3.681520    7927.069519 
3.690960    7901.181193 
3.700400    7875.482890 
3.709840    7849.972425 
3.719280    7824.724146 
3.728720    7799.658134 
3.738160    7774.772329 
3.747600    7750.139581 
3.757040    7725.681750 
3.766480    7701.396896 
3.775920    7677.356409 
3.785360    7653.483874 
3.794800    7629.777457 
3.804240    7606.307133 
3.813680    7582.998151 
3.823120    7559.848781 
3.832560    7536.927617 
3.842000    7514.161521 
3.851440    7491.548858 
3.860880    7469.156882 
3.870320    7446.914014 
3.879760    7424.818708 
3.889200    7402.936913 
3.898640    7381.198562 
3.908080    7359.602193 
3.917520    7338.212482 
3.926960    7316.960828 
3.936400    7295.845848 
3.945840    7274.930979 
3.955280    7254.149042 
3.964720    7233.498725 
3.974160    7213.042262 
3.983600    7192.713850 
3.993040    7172.512246 
4.002480    7152.498511 
4.011920    7132.608176 
4.021360    7112.840066 
4.030800    7093.254095 
4.040240    7073.787093 
4.049680    7054.437944 
4.059120    7035.265449 
4.068560    7016.207696 
4.078000    6997.263627 
4.087440    6978.490958 
4.096880    6959.828996 
4.106320    6941.276740 
4.115760    6922.890846 
4.125200    6904.611809 
4.134640    6886.438678 
4.144080    6868.427079 
4.153520    6850.518659 
4.162960    6832.712516 
4.172400    6815.063268 
4.181840    6797.513687 
4.191280    6780.062911 
4.200720    6762.764583 
4.210160    6745.562560 
4.219600    6728.456026 
4.229040    6711.497665 
4.238480    6694.632397 
4.247920    6677.859444 
4.257360    6661.230557 
4.266800    6644.691687 
4.276240    6628.242095 
4.285680    6611.932622 
4.295120    6595.710221 
4.304560    6579.574191 
4.314000    6563.574482 
4.323440    6547.659026 
4.332880    6531.827153 
4.342320    6516.127950 
4.351760    6500.510297 
4.361200    6484.973559 
4.370640    6469.565973 
4.380080    6454.237347 
4.389520    6438.987076 
4.398960    6423.862571 
4.408400    6408.814543 
4.417840    6393.842414 
4.427280    6378.992789 
4.436720    6364.217259 
4.446160    6349.515271 
4.455600    6334.932644 
4.465040    6320.421824 
4.474480    6306.001744 
4.483920    6291.678473 
4.493360    6277.444145 
4.502800    6263.301357 
4.512240    6249.249228 
4.521680    6235.286888 
4.531120    6221.413481 
4.540560    6207.628159 
4.550000    6193.930085 
4.559440    6180.318435 
4.568880    6166.792393 
4.578320    6153.351153 
4.587760    6139.993922 
4.597200    6126.719913 
4.606640    6113.528351 
4.616080    6100.418470 
4.625520    6087.389515 
4.634960    6074.440738 
4.644400    6061.571402 
4.653840    6340.526841 
4.663280    6326.903216 
4.672720    6313.362410 
4.682160    6299.903670 
4.691600    6286.526251 
4.701040    6273.229419 
4.710480    6260.012448 
4.719920    6246.874620 
4.729360    6233.815227 
4.738800    6220.833569 
4.748240    6207.928953 
4.757680    6195.100696 
4.767120    6463.787715 
4.776560    6450.261786 
4.786000    6436.815188 
4.795440    6423.447225 
4.804880    6410.157210 
4.814320    6396.944462 
4.823760    6660.373608 
4.833200    6646.493968 
4.842640    6632.694325 
4.852080    6618.973991 
4.861520    6605.332284 
4.870960    6591.768529 
4.880400    6578.282060 
4.889840    6835.957395 
4.899280    6821.836031 
4.908720    6807.794448 
4.918160    6793.831973 
4.927600    6779.947939 
4.937040    6766.141687 
4.946480    6752.412564 
4.955920    7004.578546 
4.965360    6990.244341 
4.974670    6975.989810 
4.984110    6961.814033 
4.993550    6947.716360 
5.002860    7148.776359 
5.012300    7134.225330 
5.021620    7119.754050 
5.040500    7105.343233 
5.059380    7090.992521 
5.078260    7263.832174 
5.097140    7249.077122 
5.116020    7234.384062 
5.134900    7219.752622 
5.153780    7205.182429 
5.172660    7375.406071 
5.191540    7360.447896 
5.210420    7345.552698 
5.229300    7330.720091 
5.248180    7315.949694 
5.267060    7483.635380 
5.285940    7468.492435 
5.304820    7453.413284 
5.323700    7438.397532 
5.342580    7423.444791 
5.361460    7588.667134 
5.380340    7573.356421 
5.399220    7558.110168 
5.418100    7542.927976 
5.436980    7706.139050 
5.455860    7690.611002 
5.474740    7675.148355 
5.493620    7659.750701 
5.512500    7820.998338 
5.531380    7805.266396 
5.550260    7789.600685 
5.569140    7774.000790 
5.588020    7933.331153 
5.606900    7917.408021 
5.616460    7901.564738 
5.625900    7885.800870 
5.635340    8066.420257 
5.644780    8050.310942 
5.654220    8034.281772 
5.663790    8018.331975 
5.673230    8218.506621 
5.682670    8202.167965 
5.692240    8185.909620 
5.701680    8169.731168 
5.711120    8388.138690 
5.720560    8371.532363 
5.730000    8355.007042 
5.739440    8571.369555 
5.748880    8554.427042 
5.758320    8537.566576 
5.767760    8520.787561 
5.777200    8734.665181 
5.786640    8717.480867 
5.796080    8700.378971 
5.805520    8912.291940 
5.814960    8894.794725 
5.824400    8877.380829 
5.833840    8860.049660 
5.843280    9069.575609 
5.852720    9051.860202 
5.862160    9034.228359 
5.871600    9241.865468 
5.881040    9223.858719 
5.890480    9205.936310 
5.899920    9188.097650 
5.909360    9393.440080 
5.918800    9375.236854 
5.928240    9357.118098 
5.937680    9560.643287 
5.947120    9542.168699 
5.956560    9523.779247 
5.966000    9725.517686 
5.975440    9706.780881 
5.984880    9688.129829 
5.994320    9888.111267 
6.003760    9869.121095 
6.013200    9850.217242 
6.022640    10048.470717 
6.032080    10029.235739 
6.041520    10010.087601 
6.050960    10206.641457 
6.060400    10187.169960 
6.069840    10167.785778 
6.079280    10362.667689 
6.088720    10342.967692 
6.098160    10323.355446 
6.107600    10516.592433 
6.117040    10496.671702 
6.126480    10476.839115 
6.135920    10668.457571 
6.145360    10648.323622 
6.154800    10628.278174 
6.164240    10818.303880 
6.173680    10797.963994 
6.183120    10777.712928 
6.192560    10966.171069 
6.202000    10945.632296 
6.211440    10925.182628 
6.220880    11112.097817 
6.230320    11091.366985 
6.239760    11070.725511 
6.249200    11256.121800 
6.258640    11235.205527 
6.268080    11214.378832 
6.277520    11398.279731 
6.286960    11377.184427 
6.296400    11356.178890 
6.305840    11538.607384 
6.315280    11517.339260 
6.324720    11698.655667 
6.334160    11677.130129 
6.343600    11655.695225 
6.353040    11835.578218 
6.362480    11813.891629 
6.371920    11792.295780 
6.381360    11970.766978 
6.390800    11948.925020 
6.400240    12126.328502 
6.409680    12104.245259 
6.419120    12082.253457 
6.428560    12258.281859 
6.438000    12236.054080 
6.447440    12213.917774 
6.456880    12388.591454 
6.466320    12366.224340 
6.475760    12539.872143 
6.485070    12517.278843 
6.494380    12494.777694 
6.503700    12472.368126 
6.522580    12450.040707 
6.541460    12428.281381 
6.560340    12406.586671 
6.579220    12384.967932 
6.598100    12363.424782 
6.616980    12341.956842 
6.635860    12320.552600 
6.654740    12299.222935 
6.673620    12277.967473 
6.692500    12256.775065 
6.711380    12235.656234 
6.730260    12214.610611 
6.749140    12193.637830 
6.768020    12172.727178 
6.786900    12151.888751 
6.805780    12131.122187 
6.824660    12110.417102 
6.843540    12089.783269 
6.862420    12069.220333 
6.881300    12048.727942 
6.900180    12028.296105 
6.919060    12007.934209 
6.937940    11987.641909 
6.956820    11967.409511 
6.975700    11947.246113 
6.994580    11927.151371 
7.013460    11907.115881 
7.032340    11887.148458 
7.051220    11867.248767 
7.070100    11847.407677 
7.088980    11827.633736 
7.107860    11807.926612 
7.126740    11788.277440 
7.145620    11768.694511 
7.164500    11749.177497 
7.183380    11729.717788 
7.202260    11710.323428 
7.221140    11690.994094 
7.240020    11671.721420 
7.258900    11652.513212 
7.277780    11633.369155 
7.296660    11614.281115 
7.315540    11595.256672 
7.334420    11576.295516 
7.353300    11557.389738 
7.372180    11538.546700 
7.391060    11519.766096 
7.409940    11501.040236 
7.428820    11482.376272 
7.447700    11463.773902 
7.466580    11445.225644 
7.485460    11426.738450 
7.504340    11408.312023 
7.523220    11389.939082 
7.542100    11371.626385 
7.560980    11353.373639 
7.579860    11335.173758 
7.598740    11317.033312 
7.617620    11298.952014 
7.636500    11280.922965 
7.655380    11262.952555 
7.674260    11245.040501 
7.693140    11227.180085 
7.712020    11209.377524 
7.730900    11191.626228 
7.749780    11173.932288 
7.768660    11156.295430 
7.787540    11138.709234 
7.806420    11121.179629 
7.825300    11103.706346 
7.844180    11086.283128 
7.863060    11068.915747 
7.881940    11051.598064 
7.900820    11034.335739 
7.919700    11017.128511 
7.938580    10999.970392 
7.957460    10982.866897 
7.976340    10965.817767 
7.995220    10948.817166 
8.014100    10931.870464 
8.032980    10914.971931 
8.051860    10898.126837 
8.070740    10881.329554 
8.089620    10864.585253 
8.108500    10847.888408 
8.127380    10831.244092 
8.146260    10814.646877 
8.165140    10798.101744 
8.184020    10781.603359 
8.202900    10765.156612 
8.221780    10748.756262 
8.240660    10732.407110 
8.259540    10716.104006 
8.278420    10699.851665 
8.297300    10683.645026 
8.316180    10667.488718 
8.335060    10651.377766 
8.353940    10635.316718 
8.372820    10619.300685 
8.391700    10603.334131 
8.410580    10587.412251 
8.429460    10571.539432 
8.448340    10555.710948 
8.467220    10539.931109 
8.486100    10524.195269 
8.504980    10508.507664 
8.523860    10492.863723 
8.542740    10477.267610 
8.561620    10461.714829 
8.580500    10446.209472 
8.599380    10430.747119 
8.618260    10415.331789 
8.637140    10399.959136 
8.656020    10384.633112 
8.674900    10369.349439 
8.693780    10354.112002 
8.712660    10338.916595 
8.731540    10323.767036 
8.750420    10308.659186 
8.769300    10293.596800 
8.788180    10278.575806 
8.807060    10263.599895 
8.825940    10248.665060 
8.844820    10233.774933 
8.863700    10218.928592 
8.882580    10204.126564 
8.901460    10189.368648 
8.920340    10174.654648 
8.939220    10159.984366 
8.958100    10145.357609 
8.976980    10130.774181 
8.995860    10116.233889 
9.014740    10101.736543 
9.033620    10087.281951 
9.052500    10072.869923 
9.071380    10058.500272 
9.090260    10044.172809 
9.109140    10029.887350 
9.128020    10015.643707 
9.146900    10001.441698 
9.165780    9987.281140 
9.184660    9973.161849 
9.203540    10069.060531 
9.222420    10054.846967 
9.241300    10040.674699 
9.260180    10136.016627 
9.279060    10121.751812 
9.297940    10107.528314 
9.316820    10202.319728 
9.335700    10188.005372 
9.354580    10282.376786 
9.373460    10267.973047 
9.392340    10253.610827 
9.411220    10347.442427 
9.430100    10332.992445 
9.448980    10426.411939 
9.467860    10411.875619 
9.486740    10397.380992 
9.505620    10490.271074 
9.524500    10475.691667 
9.543380    10461.153941 
9.562260    10553.520410 
9.581140    10538.899430 
9.600020    10524.320114 
9.618900    10509.782281 
9.637780    10495.285756 
9.656660    10480.830359 
9.675540    10466.415916 
9.694420    10452.042253 
9.713300    10437.709194 
9.732180    10423.416567 
9.751060    10409.164201 
9.769940    10394.951923 
9.788820    10380.779566 
9.807700    10471.466290 
9.826580    10457.213629 
9.845460    10443.000872 
9.864340    10428.827848 
9.883220    10518.902359 
9.902100    10504.650579 
9.920980    10490.438512 
9.939860    10476.265992 
9.958740    10565.736449 
9.977620    10551.486678 
9.996500    10537.276428 
5.912550    10528.973624 
5.921990    10520.695276 
5.931430    10512.441277 
5.940870    10504.211518 
5.950310    10496.005893 
5.959750    10487.824297 
5.969190    10479.666623 
5.978630    10471.532767 
5.988070    10463.422625 
5.997510    10455.336094 
6.006950    10447.273070 
6.016390    10439.233450 
6.025830    10431.217134 
6.035270    10423.224021 
6.044710    10415.254008 
6.054150    10407.306997 
6.063590    10399.382888 
6.073030    10391.481583 
6.082470    10383.602982 
6.091910    10375.757510 
6.101350    10368.004673 
6.110790    10360.345482 
6.120230    10352.780988 
6.129670    10345.312278 
6.139110    10337.940480 
6.148550    10330.666765 
6.157990    10323.492346 
6.167430    10316.418483 
6.176870    10309.446483 
6.186310    10302.577701 
6.195750    10295.813545 
6.205190    10289.155477 
6.214630    10282.605014 
6.224070    10276.163735 
6.233510    10269.833276 
6.242950    10263.615341 
6.252390    10257.511700 
6.261830    10251.524194 
6.271270    10245.454489 
6.280710    10239.500500 
6.290150    10233.664140 
6.299590    10227.743112 
6.309030    10221.939293 
6.318470    10216.254670 
6.327910    10210.482840 
6.337350    10204.829787 
6.346790    10199.297574 
6.356230    10193.675544 
6.365670    10188.173934 
6.375110    10182.688809 
6.384550    10177.218752 
6.393990    10171.763703 
6.403430    10175.634857 
6.412870    10179.495421 
6.422310    10183.345436 
6.431750    10187.184946 
6.441190    10191.013995 
6.450630    10194.832624 
6.460070    10198.640877 
6.469510    10202.438795 
6.478950    10206.226421 
6.488390    10210.003796 
6.497830    10213.770962 
6.507270    10217.527960 
6.516710    10221.274832 
6.526150    10225.011618 
6.535590    10228.738358 
6.545030    10232.455094 
6.554470    10236.161866 
6.563910    10239.858713 
6.573350    10243.545675 
6.582790    10247.222792 
6.592230    10250.890104 
6.601670    10254.547649 
6.611110    10258.195467 
6.620550    10261.833596 
6.629990    10265.462075 
6.639430    10269.080942 
6.648870    10272.690235 
6.658310    10276.289993 
6.667750    10279.880252 
6.677190    10283.461051 
6.686630    10287.032427 
6.696070    10290.594416 
6.705510    10294.147057 
6.714950    10297.690385 
6.724390    10301.224438 
6.733830    10304.749251 
6.743270    10308.264862 
6.752710    10311.771305 
6.762150    10315.268616 
6.771590    10318.327168 
6.781030    10321.377776 
6.790470    10324.013168 
6.799910    10326.641734 
6.809350    10328.876905 
6.818790    10331.106301 
6.828230    10332.962564 
6.837670    10334.814043 
6.847110    10336.311232 
6.856550    10337.804573 
6.865990    10338.961178 
6.875430    10340.114819 
6.884870    10340.948105 
6.894310    10341.779259 
6.903750    10342.305366 
6.913190    10342.830130 
6.922630    10343.064170 
6.932070    10343.293719 
6.941510    10343.246135 
6.950950    10343.194948 
6.960390    10342.879370 
6.969830    10342.561302 
6.979270    10342.507752 
6.988710    10342.190956 
6.998150    10342.138009 
7.007590    10341.822477 
7.017030    10341.770126 
7.026470    10341.455849 
7.035910    10341.404089 
7.045350    10341.091058 
7.054790    10341.039885 
7.064230    10340.728092 
7.073670    10340.677499 
7.083110    10340.366936 
7.092550    10340.316919 
7.101990    10340.007576 
7.111430    10339.958131 
7.120870    10339.650001 
7.130310    10339.601120 
7.139750    10339.294195 
7.149190    10339.245875 
7.158630    10338.940146 
7.168070    10338.892382 
7.177510    10338.587842 
7.186950    10338.540629 
7.196390    10338.237268 
7.205830    10338.190601 
7.215270    10337.888413 
7.224710    10337.842288 
7.234150    10338.062050 
7.243590    10338.558173 
7.253030    10339.341835 
7.262470    10340.424983 
7.271910    10341.820402 
7.281350    10343.541799 
7.290790    10345.603888 
7.300230    10347.316526 
7.309670    10349.369051 
7.319110    10351.777251 
7.328550    10354.558131 
7.337990    10357.730043 
7.347430    10360.497050 
7.356870    10363.654182 
7.366310    10366.407417 
7.375750    10369.549873 
7.385190    10372.289437 
7.394630    10375.417322 
7.404070    10378.143313 
7.413510    10381.256730 
7.422950    10383.969247 
7.432390    10387.068299 
7.441830    10389.767439 
7.451270    10392.852226 
7.460710    10395.538086 
7.470150    10398.608709 
7.479590    10401.281383 
7.489030    10404.337942 
7.498470    10406.997526 
7.507910    10410.040119 
7.517350    10412.686706 
7.526790    10415.715430 
7.536230    10418.349113 
7.545670    10421.364065 
7.555110    10423.984936 
7.564550    10426.986212 
7.573990    10429.594362 
7.583430    10432.582056 
7.592870    10435.177575 
7.602310    10438.151783 
7.611750    10440.734759 
7.621190    10443.695573 
7.630630    10446.266097 
7.640070    10449.213608 
7.649510    10451.771766 
7.658950    10454.706067 
7.668390    10457.251947 
7.677830    10460.173128 
7.687270    10462.706814 
7.696710    10465.614965 
7.706150    10468.136545 
7.715590    10471.031754 
7.725030    10473.541311 
7.734470    10476.423667 
7.743910    10478.921284 
7.753350    10481.790874 
7.762790    10484.276635 
7.772230    10487.133546 
7.781670    10489.607532 
7.791110    10492.451849 
7.800550    10494.914143 
7.809990    10497.745952 
7.819430    10500.196633 
7.828870    10503.016017 
7.838310    10505.455166 
7.847750    10508.262209 
7.857190    10510.689905 
7.866630    10513.484689 
7.876070    10515.901011 
7.885510    10518.683618 
7.894950    10521.088643 
7.904390    10523.859155 
7.913830    10526.252960 
7.923270    10529.011457 
7.932710    10531.394119 
7.942150    10534.140680 
7.951590    10536.512274 
7.961030    10539.246980 
7.970470    10541.607581 
7.979910    10544.330509 
7.989350    10546.680192 
7.998790    10549.391419 
8.008230    10551.730257 
8.017670    10554.429861 
8.027110    10556.757928 
8.036550    10559.445985 
8.045990    10561.763352 
8.055430    10563.729305 
8.064870    10566.036828 
8.074310    10567.993734 
8.083750    10570.291479 
8.093190    10572.239398 
8.102630    10574.527427 
8.112070    10576.466420 
8.121510    10578.744797 
8.130950    10580.674924 
8.140390    10582.943710 
8.149830    10584.865029 
8.159270    10587.124287 
8.168710    10589.036857 
8.178150    10591.286649 
8.187590    10593.190526 
8.197030    10595.430912 
8.206470    10597.326156 
8.215910    10599.557197 
8.225350    10601.443863 
8.234790    10603.665619 
8.244230    10605.543764 
8.253670    10607.756294 
8.263110    10609.625974 
8.272550    10611.829336 
8.281990    10613.690607 
8.291430    10615.884860 
8.300870    10617.737777 
8.310310    10619.922979 
8.319750    10621.767595 
8.329190    10623.943803 
8.338630    10625.780174 
8.348070    10627.947445 
8.357510    10629.775623 
8.366950    10631.934013 
8.376390    10633.754052 
8.385830    10635.903618 
8.395270    10637.715570 
8.404710    10639.856366 
8.414150    10641.660283 
8.423590    10643.792365 
8.433030    10645.588300 
8.442470    10647.711722 
8.451910    10649.499725 
8.461350    10651.614541 
8.470790    10653.394663 
8.480230    10655.500928 
8.489670    10657.273219 
8.499110    10659.370985 
8.508550    10661.135496 
8.517990    10663.224815 
8.527430    10664.981596 
8.536870    10667.062521 
8.546310    10668.811620 
8.555750    10670.884202 
8.565190    10672.625669 
8.574630    10674.689960 
8.584070    10676.423842 
8.593510    10678.479894 
8.602950    10680.206239 
8.612390    10682.254102 
8.621830    10683.972958 
8.631270    10686.012682 
8.640710    10687.724096 
8.650150    10689.755730 
8.659590    10691.459749 
8.669030    10693.483343 
8.678470    10695.180013 
8.687910    10697.195616 
8.697350    10698.884984 
8.706790    10700.892644 
8.716230    10702.574754 
8.725670    10704.574520 
8.735110    10706.249418 
8.744550    10708.241337 
8.753990    10709.909068 
8.763430    10711.893187 
8.772870    10713.553796 
8.782310    10715.530162 
8.791750    10717.183692 
8.801190    10719.152353 
8.810630    10720.798849 
8.820070    10722.759850 
8.829510    10724.399354 
8.838950    10726.352741 
8.848390    10727.985296 
8.857830    10729.931115 
8.867270    10731.556765 
8.876710    10733.495061 
8.886150    10735.113847 
8.895590    10736.429329 
8.905030    10738.041913 
8.914470    10739.351813 
8.923910    10740.958230 
8.933350    10742.262583 
8.942790    10743.862871 
8.952230    10745.161711 
8.961670    10746.755905 
8.971110    10748.049265 
8.980550    10749.637401 
8.989990    10750.925315 
8.999430    10752.507429 
9.008870    10753.789929 
9.018310    10755.366057 
9.027750    10756.643176 
9.037190    10758.213352 
9.046630    10759.485123 
9.056070    10761.049381 
9.065510    10762.315837 
9.074950    10763.874212 
9.084390    10765.135384 
9.093830    10766.687911 
9.103270    10767.943831 
9.112710    10769.490543 
9.122150    10770.741242 
9.131590    10772.282174 
9.141030    10773.527684 
9.150470    10775.062868 
9.159910    10776.303219 
9.169350    10777.832689 
9.178790    10779.067913 
9.188230    10780.591701 
9.197670    10781.821828 
9.207110    10783.339967 
9.216550    10784.565027 
9.225990    10786.077549 
9.235430    10787.297574 
9.244870    10788.804511 
9.254310    10790.019529 
9.263750    10791.520914 
9.273190    10792.730954 
9.282630    10794.226818 
9.292070    10795.431910 
9.301510    10796.922285 
9.310950    10798.122458 
9.320390    10799.607374 
9.329830    10800.802658 
9.339270    10802.282146 
9.348710    10803.472569 
9.358150    10804.946661 
9.367590    10806.132251 
9.377030    10807.600976 
9.386470    10808.781761 
9.395910    10810.245150 
9.405350    10811.421159 
9.414790    10812.879242 
9.424230    10814.050502 
9.433670    10815.503309 
9.443110    10816.669848 
9.452550    10818.117408 
9.461990    10819.279253 
9.471430    10820.721595 
9.480870    10821.878774 
9.490310    10823.315928 
9.499750    10824.468467 
9.509190    10825.900461 
9.518630    10827.048388 
9.528070    10828.475251 
9.537510    10829.618591 
9.546950    10831.040352 
9.556390    10832.179132 
9.565830    10833.595818 
9.575270    10834.730065 
9.584710    10836.141705 
9.594150    10837.271443 
9.603590    10838.678065 
9.613030    10839.803322 
9.622470    10841.204953 
9.631910    10842.325753 
9.641350    10843.722421 
9.650790    10844.838789 
9.660230    10846.230521 
9.669670    10847.342484 
9.679110    10848.729306 
9.688550    10849.836888 
9.697990    10851.218828 
9.707430    10852.322053 
9.716870    10853.699138 
9.726310    10854.798032 
9.735750    10856.170287 
9.745190    10857.264874 
9.754630    10858.095533 
9.764070    10859.186331 
9.773510    10860.013694 
9.782950    10861.100724 
9.792390    10861.924810 
9.801830    10863.008093 
9.811270    10863.828919 
9.820710    10864.908474 
9.830150    10865.726060 
9.839590    10866.801907 
9.849030    10867.616271 
9.858470    10868.688430 
9.867910    10869.499589 
9.877350    10870.568080 
9.886790    10871.376052 
9.896230    10872.440895 
9.905670    10873.245699 
9.915110    10874.306912 
9.924550    10875.108565 
9.933990    10876.166168 
9.943430    10876.964687 
9.952870    10878.018700 
9.962310    10878.814103 
9.971750    10879.864544 
9.981190    10880.656848 
9.990630    10881.703736 
