0.005928    75573.549258 
0.011856    47612.927312 
0.011856    70894.967922 
0.011856    73127.783096 
0.011856    70593.528142 
0.011856    66936.495472 
0.011856    63188.897387 
0.011856    59663.723271 
0.011856    56443.234905 
0.011856    53530.491829 
0.011856    50901.986246 
0.011856    48527.105213 
0.033024    46536.576437 
0.033024    44695.586111 
0.051904    43100.061161 
0.051904    41604.156100 
0.051904    40203.712222 
0.051904    38892.959848 
0.070784    37720.181408 
0.070784    36612.774032 
0.070784    35567.214883 
0.070784    34579.696385 
0.089664    33678.049060 
0.089664    32821.184170 
0.089664    32006.641888 
0.089664    31231.940537 
0.108544    30514.624472 
0.108544    29829.284868 
0.108544    29174.230881 
0.108544    28547.801716 
0.127424    27961.787336 
0.127424    27399.422160 
0.127424    26859.524218 
0.127424    26340.946210 
0.146304    25852.001231 
0.146304    25381.065227 
0.146304    24927.292301 
0.146304    24489.865787 
0.165184    24074.871401 
0.165184    23673.929086 
0.165184    23286.419033 
0.165184    22911.744224 
0.184064    22554.496150 
0.184064    22208.439782 
0.184064    21873.110988 
0.184064    21548.063009 
0.202944    21236.846859 
0.202944    20934.701143 
0.202944    20641.271444 
0.202944    20356.216549 
0.221824    20082.340278 
0.221824    19815.926303 
0.221824    19556.699227 
0.221824    19304.394303 
0.240704    19061.264103 
0.240704    18824.353560 
0.240704    18593.445341 
0.240704    18368.329891 
0.259584    18150.845473 
0.259584    17938.604457 
0.259584    17731.432939 
0.259584    17529.163067 
0.278464    17333.314461 
0.278464    17141.930918 
0.278464    16954.871550 
0.278464    16772.000227 
0.297344    16594.587750 
0.297344    16421.011674 
0.316224    16252.466788 
0.316224    16087.445979 
0.335104    15927.073644 
0.335104    15769.946983 
0.353984    15617.125162 
0.353984    15467.300007 
0.372864    15321.470189 
0.372864    15178.413600 
0.391744    15039.072766 
0.391744    14902.304057 
0.410624    14768.997847 
0.410624    14638.082239 
0.429504    14510.399114 
0.429504    14384.942291 
0.448384    14262.508524 
0.448384    14142.151959 
0.467264    14024.627313 
0.467264    13909.044229 
0.467264    13795.360998 
0.486144    13684.261476 
0.486144    13574.941859 
0.505024    13468.051567 
0.505024    13362.831455 
0.523904    13259.898736 
0.523904    13158.535616 
0.542784    13059.329158 
0.542784    12961.599910 
0.561664    12865.906688 
0.561664    12771.605655 
0.580544    12679.229132 
0.580544    12588.166407 
0.599424    12498.924937 
0.599424    12410.924864 
0.618304    12324.650282 
0.618304    12239.550112 
0.637184    12156.086484 
0.637184    12073.735196 
0.656064    11992.937705 
0.656064    11913.194943 
0.656064    11834.489975 
0.674944    11757.229136 
0.674944    11680.953742 
0.693824    11606.052681 
0.693824    11532.088311 
0.712704    11459.433045 
0.712704    11387.669002 
0.731584    11317.153028 
0.731584    11247.485814 
0.750464    11179.009493 
0.750464    11111.342226 
0.769344    11044.812225 
0.769344    10979.054107 
0.788224    10914.382900 
0.788224    10850.448738 
0.807104    10787.554155 
0.807104    10725.363922 
0.825984    10664.168734 
0.825984    10603.647184 
0.844864    10544.078730 
0.844864    10485.155033 
0.844864    10426.867856 
0.863744    10369.477404 
0.863744    10312.696765 
0.882624    10256.776439 
0.882624    10201.440749 
0.901504    10146.930966 
0.901504    10092.982064 
0.920384    10039.826529 
0.920384    9987.209443 
0.939264    9935.354923 
0.939264    9884.017646 
0.958144    9833.413759 
0.958144    9783.307052 
0.977024    9733.906074 
0.977024    9684.983279 
0.995904    9636.739967 
0.995904    9588.956837 
1.014780    9541.828227 
1.014780    9495.142726 
1.033660    9449.088110 
1.033660    9403.460398 
1.033660    9358.255051 
1.052540    9313.648450 
1.052540    9269.449046 
1.071420    9225.827411 
1.071420    9182.598551 
1.090300    9139.927482 
1.090300    9097.635466 
1.109180    9055.882201 
1.109180    9014.494923 
1.128060    8973.628240 
1.128060    8933.115098 
1.146940    8893.105224 
1.146940    8853.437024 
1.165820    8814.255551 
1.165820    8775.404431 
1.184700    8737.024235 
1.184700    8698.963587 
1.203580    8661.358756 
1.203580    8624.063153 
1.222460    8587.208918 
1.222460    8550.654050 
1.222460    8514.395814 
1.241340    8478.559186 
1.241340    8443.009875 
1.260220    8407.869177 
1.260220    8373.006885 
1.279100    8338.540754 
1.279100    8304.344497 
1.297980    8270.532467 
1.297980    8236.982135 
1.316860    8203.804585 
1.316860    8170.880899 
1.335740    8138.319013 
1.335740    8106.003478 
1.354620    8074.039200 
1.354620    8042.314068 
1.373500    8010.930066 
1.373500    7979.778294 
1.392380    7948.957923 
1.392380    7918.363140 
1.411260    7888.090407 
1.411260    7858.036880 
1.411260    7828.200796 
1.430140    7798.673896 
1.430140    7769.358371 
1.449020    7740.343519 
1.449020    7711.534210 
1.467900    7683.017381 
1.467900    7654.700481 
1.486780    7626.668173 
1.486780    7598.830391 
1.505660    7571.269603 
1.505660    7543.898139 
1.524540    7516.796345 
1.524540    7489.878865 
1.543420    7463.223995 
1.543420    7436.748610 
1.562300    7410.529026 
1.562300    7384.484272 
1.581180    7358.688751 
1.581180    7333.063572 
1.600060    7307.681286 
1.600060    7282.465011 
1.600060    7257.413552 
1.618940    7232.596219 
1.618940    7207.939562 
1.637820    7183.511208 
1.637820    7159.239534 
1.656700    7135.190536 
1.656700    7111.294360 
1.675580    7087.615421 
1.675580    7064.085574 
1.694460    7040.767708 
1.694460    7017.595329 
1.713340    6994.629848 
1.713340    6971.806370 
1.732220    6949.184869 
1.732220    6926.702004 
1.751100    6904.416356 
1.751100    6882.266084 
1.769980    6860.308423 
1.769980    6838.482982 
1.788860    6816.845692 
1.788860    6795.337570 
1.788860    6773.957770 
1.807740    6752.759926 
1.807740    6731.687473 
1.826620    6710.792846 
1.826620    6690.020773 
1.845500    6669.422524 
1.845500    6648.944077 
1.864380    6628.635576 
1.864380    6608.444212 
1.883260    6588.419032 
1.883260    6568.508405 
1.902140    6548.760314 
1.902140    6529.124269 
1.921020    6509.647221 
1.921020    6490.279790 
1.939900    6471.067920 
1.939900    6451.963310 
1.958780    6433.010927 
1.958780    6414.163515 
1.977660    6395.465094 
1.977660    6376.869424 
1.977660    6358.375885 
1.996540    6340.026826 
1.996540    6321.777760 
2.015420    6303.670160 
2.015420    6285.660474 
2.034300    6267.789324 
2.034300    6250.014069 
2.053180    6232.374504 
2.053180    6214.828874 
2.072060    6197.416164 
2.072060    6180.095484 
2.090940    6162.905033 
2.090940    6145.804759 
2.109820    6128.832098 
2.109820    6111.947811 
2.128700    6095.188593 
2.128700    6078.515996 
2.147580    6061.965991 
2.147580    6045.500904 
2.166460    6029.156000 
2.166460    6012.894354 
2.166460    5996.715502 
2.185340    5980.653465 
2.185340    5964.672621 
2.204220    5948.806334 
2.204220    5933.019680 
2.223100    5917.345387 
2.223100    5901.749207 
2.241980    5886.263248 
2.241980    5870.853925 
2.260860    5855.552737 
2.260860    5840.326745 
2.279740    5825.206857 
2.279740    5810.160762 
2.298620    5795.218792 
2.298620    5780.349247 
2.317500    5765.581898 
2.317500    5750.885643 
2.336380    5736.289704 
2.336380    5721.763559 
2.355260    5707.335897 
2.355260    5692.976764 
2.355260    5678.685802 
2.374140    5664.490754 
2.374140    5650.362651 
2.393020    5636.328736 
2.393020    5622.360571 
2.411900    5608.484911 
2.411900    5594.673835 
2.430780    5580.953621 
2.430780    5567.296853 
2.449660    5553.729345 
2.449660    5540.224173 
2.468540    5526.806697 
2.468540    5513.450473 
2.487420    5500.180417 
2.487420    5486.970556 
2.506300    5473.845374 
2.506300    5460.779353 
2.525180    5447.796555 
2.525180    5434.871910 
2.544060    5422.029067 
2.544060    5409.243391 
2.544060    5396.514605 
2.562940    5383.865623 
2.562940    5371.272574 
2.581820    5358.757986 
2.581820    5346.298397 
2.600700    5333.915958 
2.600700    5321.587606 
2.619580    5309.335120 
2.619580    5297.135830 
2.638460    5285.011153 
2.638460    5272.938801 
2.657340    5260.939836 
2.657340    5248.992344 
2.676220    5237.117042 
2.676220    5225.292380 
2.695100    5213.538737 
2.695100    5201.834919 
2.713980    5190.200974 
2.713980    5178.616059 
2.732860    5167.099897 
2.732860    5155.631986 
2.732860    5144.212102 
2.751740    5132.859395 
2.751740    5121.553957 
2.770620    5110.314634 
2.770620    5099.121840 
2.789500    5087.994121 
2.789500    5076.912207 
2.808380    5065.894350 
2.808380    5054.921589 
2.827260    5044.011889 
2.827260    5033.146591 
2.846140    5022.343380 
2.846140    5011.583891 
2.865020    5000.885536 
2.865020    4990.230236 
2.883900    4979.635137 
2.883900    4969.082442 
2.902780    4958.589031 
2.902780    4948.137388 
2.921660    4937.744134 
2.921660    4927.392022 
2.921660    4917.080873 
2.940540    4906.826849 
2.940540    4896.613179 
2.959420    4886.455783 
2.959420    4876.338145 
2.978300    4866.275946 
2.978300    4856.252921 
2.997180    4846.284517 
2.997180    4836.354715 
3.016060    4826.478733 
3.016060    4816.640793 
3.034940    4806.855887 
3.034940    4797.108472 
3.053820    4787.413323 
3.053820    4777.755126 
3.072700    4768.148440 
3.072700    4758.578179 
3.091580    4749.058689 
3.091580    4739.575105 
3.110460    4730.141567 
3.110460    4720.743429 
3.110460    4711.380543 
3.129340    4702.066678 
3.129340    4692.787570 
3.148220    4683.556791 
3.148220    4674.360284 
3.167100    4665.211427 
3.167100    4656.096366 
3.185980    4647.028290 
3.185980    4637.993543 
3.204860    4629.005128 
3.204860    4620.049583 
3.223740    4611.139729 
3.223740    4602.262297 
3.242620    4593.429927 
3.242620    4584.629538 
3.261500    4575.873594 
3.261500    4567.149198 
3.280380    4558.468642 
3.280380    4549.819209 
3.299260    4541.213022 
3.299260    4532.637541 
3.299260    4524.092559 
3.318140    4515.595996 
3.318140    4507.135499 
3.337020    4498.722764 
3.337020    4490.345503 
3.355900    4482.015362 
3.355900    4473.720116 
3.374780    4465.471357 
3.374780    4457.256927 
3.393660    4449.088364 
3.393660    4440.953575 
3.412540    4432.863964 
3.412540    4424.807582 
3.431420    4416.795863 
3.431420    4408.816839 
3.450300    4400.881893 
3.450300    4392.979037 
3.469180    4385.119686 
3.469180    4377.291993 
3.488060    4369.507240 
3.488060    4361.753640 
3.488060    4354.031000 
3.506940    4346.350475 
3.506940    4338.700418 
3.525820    4331.091940 
3.525820    4323.513449 
3.544700    4315.976008 
3.544700    4308.468084 
3.563580    4301.000689 
3.563580    4293.562350 
3.582460    4286.164031 
3.582460    4278.794314 
3.601340    4271.464116 
3.601340    4264.162076 
3.620220    4256.899063 
3.620220    4249.663771 
3.639100    4242.467023 
3.639100    4235.297569 
3.657980    4228.166185 
3.657980    4221.061673 
3.676860    4213.994765 
3.676860    4206.954318 
3.676860    4199.940176 
3.695740    4192.962954 
3.695740    4186.011637 
3.714620    4179.096793 
3.714620    4172.207460 
3.733500    4165.354162 
3.733500    4158.525986 
3.752380    4151.733416 
3.752380    4144.965588 
3.771260    4138.232941 
3.771260    4131.524664 
3.790140    4124.851152 
3.790140    4118.201644 
3.809020    4111.586490 
3.809020    4104.994981 
3.827900    4098.437425 
3.827900    4091.903159 
3.846780    4085.402451 
3.846780    4078.924687 
3.865660    4072.480090 
3.865660    4066.058097 
3.865660    4059.658584 
3.884540    4053.291667 
3.884540    4046.946898 
3.903420    4040.634352 
3.903420    4034.343628 
3.922300    4028.084759 
3.922300    4021.847391 
3.941180    4015.641518 
3.941180    4009.456831 
3.960060    4003.303284 
3.960060    3997.170613 
3.978940    3991.068732 
3.978940    3984.987423 
3.997820    3978.936561 
3.997820    3972.905972 
4.016700    3966.905492 
4.016700    3960.924991 
4.035580    3954.974265 
4.035580    3949.043231 
4.054460    3943.141644 
4.054460    3937.259465 
4.054460    3931.396594 
4.073340    3925.562688 
4.073340    3919.747814 
4.092220    3913.961591 
4.092220    3908.194127 
4.111100    3902.455003 
4.111100    3896.734372 
4.129980    3891.041776 
4.129980    3885.367408 
4.148860    3879.720776 
4.148860    3874.092114 
4.167740    3868.490891 
4.167740    3862.907384 
4.186620    3857.351026 
4.186620    3851.812132 
4.205500    3846.300101 
4.205500    3840.805289 
4.205500    3835.327613 
4.224380    3829.876376 
4.224380    3824.442035 
4.243260    3819.033857 
4.243260    3813.642340 
4.262140    3808.276713 
4.262140    3802.927514 
4.281020    3797.603939 
4.281020    3792.296562 
4.299900    3787.014546 
4.299900    3781.748502 
4.318780    3776.507560 
4.318780    3771.282369 
4.318780    3766.072858 
4.337660    3760.888064 
4.337660    3755.718733 
4.356540    3750.573869 
4.356540    3745.444255 
4.375420    3740.338862 
4.375420    3735.248509 
4.394300    3730.182134 
4.394300    3725.130593 
4.394300    3720.093821 
4.413180    3715.080666 
4.413180    3710.082079 
4.432060    3705.106876 
4.432060    3700.146041 
4.450940    3695.208359 
4.450940    3690.284850 
4.469820    3685.384267 
4.469820    3680.497665 
4.488700    3675.633764 
4.488700    3670.783655 
4.488700    3665.947278 
4.507580    3661.133271 
4.507580    3656.332811 
4.526460    3651.554504 
4.526460    3646.789562 
4.545340    3642.046560 
4.545340    3637.316743 
4.564220    3632.608656 
4.564220    3627.913577 
4.564220    3623.231455 
4.583100    3618.570749 
4.583100    3613.922826 
4.601980    3609.296116 
4.601980    3604.682019 
4.620860    3600.088936 
4.620860    3595.508297 
4.639740    3590.948474 
4.639740    3586.400930 
4.639740    3581.865618 
4.658620    3577.350827 
4.658620    3572.848106 
4.677500    3568.365716 
4.677500    3563.895235 
4.696380    3559.444898 
4.696380    3555.006314 
4.696380    3550.579438 
4.715260    3546.172424 
4.715260    3541.776964 
4.734140    3537.401186 
4.734140    3533.036810 
4.753020    3528.691935 
4.753020    3524.358314 
4.771900    3520.044017 
4.771900    3515.740826 
4.771900    3511.448701 
4.790780    3507.175636 
4.790780    3502.913492 
4.809660    3498.670238 
4.809660    3494.437763 
4.828540    3490.224008 
4.828540    3486.020892 
4.828540    3481.828378 
4.847420    3477.654331 
4.847420    3473.490748 
4.866300    3469.345470 
4.866300    3465.210521 
4.885180    3461.093715 
4.885180    3456.987105 
4.904060    3452.898479 
4.904060    3448.819918 
4.904060    3444.751386 
4.922940    3440.700600 
4.922940    3436.659716 
4.941820    3432.636422 
4.941820    3428.622904 
4.941820    3424.619127 
4.960700    3420.632710 
4.960700    3416.655911 
4.979580    3412.696322 
4.979580    3408.746229 
4.998460    3404.813199 
4.998460    3400.889543 
4.998460    3396.975230 
5.017340    3393.077760 
5.017340    3389.189514 
5.036220    3385.317969 
5.036220    3381.455531 
5.055100    3377.609807 
5.055100    3373.693433 
5.055100    3369.779369 
5.073980    3365.874376 
5.073980    3361.975618 
5.092860    3358.089686 
5.092860    3354.209960 
5.111740    3350.342954 
5.111740    3346.482124 
5.111740    3342.627492 
5.130620    3338.785435 
5.130620    3334.949545 
5.149500    3331.126130 
5.149500    3327.308850 
5.168380    3323.503943 
5.168380    3319.705142 
5.168380    3325.620146 
5.187260    3331.676058 
5.187260    3337.552735 
5.206140    3343.569991 
5.206140    3349.408711 
5.225020    3355.387680 
5.225020    3361.188808 
5.225020    3366.817327 
5.243900    3372.581721 
5.243900    3378.174173 
5.262780    3383.902184 
5.262780    3389.458912 
5.262780    3394.849340 
5.281660    3400.371162 
5.281660    3405.727319 
5.300540    3411.214565 
5.300540    3416.536776 
5.300540    3421.698697 
5.319420    3426.987740 
5.319420    3432.117098 
5.338300    3437.373282 
5.338300    3442.470384 
5.357180    3447.694016 
5.357180    3452.759164 
5.357180    3457.670333 
5.376060    3462.704259 
5.376060    3467.584781 
5.394940    3472.587775 
5.394940    3477.437934 
5.394940    3482.139559 
5.413820    3486.960055 
5.413820    3491.632564 
5.432700    3496.423668 
5.432700    3501.067329 
5.451580    3505.829310 
5.451580    3510.444389 
5.451580    3514.916654 
5.470460    3519.503809 
5.470460    3523.948671 
5.489340    3528.508157 
5.489340    3532.925865 
5.489340    3537.205699 
5.508220    3541.596882 
5.508220    3545.850687 
5.527100    3550.215584 
5.527100    3554.443597 
5.545980    3558.782445 
5.545980    3562.984898 
5.545980    3567.054672 
5.564860    3571.232159 
5.564860    3575.277438 
5.583740    3579.430182 
5.583740    3583.451187 
5.583740    3587.344005 
5.602620    3591.341301 
5.602620    3595.210862 
5.621500    3599.184660 
5.621500    3603.031170 
5.621500    3606.753791 
5.640380    3610.577791 
5.640380    3614.278333 
5.659260    3618.080020 
5.659260    3621.758678 
5.659260    3625.317559 
5.678140    3628.974848 
5.678140    3632.512774 
5.697020    3636.148881 
5.697020    3639.666034 
5.697020    3643.067348 
5.715900    3646.564221 
5.715900    3649.945650 
5.734780    3653.422419 
5.734780    3656.784136 
5.734780    3660.033785 
5.753660    3663.376260 
5.753660    3666.607046 
5.772540    3669.930445 
5.772540    3673.142529 
5.772540    3676.246160 
5.791420    3679.439993 
5.791420    3682.525734 
5.810300    3685.701471 
5.810300    3688.769476 
5.810300    3691.732491 
5.829180    3694.783189 
5.829180    3697.729245 
5.848060    3700.762782 
5.848060    3703.692022 
5.848060    3706.519595 
5.866940    3709.432429 
5.866940    3712.243929 
5.885820    3715.140496 
5.885820    3717.936059 
5.885820    3720.633143 
5.904700    3723.413161 
5.904700    3726.095018 
5.923580    3728.859621 
5.923580    3731.526381 
5.923580    3734.097721 
5.942460    3736.749757 
5.942460    3739.306680 
5.961340    3741.944114 
5.961340    3744.486740 
5.961340    3746.936884 
5.980220    3749.465570 
5.980220    3751.902069 
5.999100    3754.416931 
5.999100    3756.839898 
5.999100    3759.173205 
6.017980    3761.582982 
6.017980    3763.903382 
6.036860    3766.300077 
6.036860    3768.607675 
6.036860    3770.828326 
6.055740    3773.123450 
6.055740    3775.331898 
6.074620    3777.614650 
6.074620    3779.810994 
6.074620    3781.922999 
6.093500    3784.107554 
6.093500    3786.208029 
6.112380    3788.380888 
6.112380    3790.469927 
6.112380    3792.477133 
6.131260    3794.555035 
6.131260    3796.551355 
6.150140    3798.618210 
6.150140    3800.603731 
6.150140    3802.509831 
6.169020    3804.484841 
6.169020    3806.380670 
6.187900    3808.345251 
6.187900    3810.230891 
6.187900    3812.039432 
6.206780    3813.915157 
6.206780    3815.714015 
6.225660    3817.579904 
6.225660    3819.369155 
6.225660    3821.083541 
6.244540    3822.863449 
6.244540    3824.568713 
6.263420    3826.339351 
6.263420    3828.035567 
6.263420    3829.659070 
6.282300    3831.346489 
6.282300    3832.961408 
6.301180    3834.640098 
6.301180    3836.246501 
6.301180    3837.782264 
6.320060    3839.380393 
6.320060    3840.908087 
6.338940    3842.498005 
6.338940    3844.017692 
6.338940    3845.468737 
6.357820    3846.980650 
6.357820    3848.424117 
6.376700    3849.928315 
6.376700    3851.364263 
6.376700    3852.733496 
6.395580    3854.162148 
6.395580    3855.524273 
6.403600    3856.873569 
6.414460    3858.228735 
6.422480    3859.571122 
6.431920    3860.910080 
6.441360    3862.245623 
6.450800    3863.577763 
6.460240    3864.906513 
6.469680    3866.231886 
6.479120    3867.553896 
6.488560    3868.872555 
6.498000    3870.187875 
6.507440    3871.499869 
6.516880    3872.808550 
6.526320    3874.113931 
6.535760    3875.416024 
6.545200    3876.714841 
6.554640    3878.010394 
6.564080    3879.302697 
6.573520    3880.591760 
6.582960    3881.877597 
6.592400    3883.160220 
6.601840    3884.439639 
6.611280    3885.715868 
6.620720    3886.988919 
6.630160    3888.258803 
6.639600    3889.525532 
6.649040    3890.789117 
6.658480    3892.049571 
6.667920    3893.306905 
6.677360    3894.561131 
6.686800    3895.812260 
6.696240    3897.060303 
6.705680    3898.305272 
6.715120    3899.547179 
6.724560    3900.786034 
6.734000    3902.021850 
6.743440    3903.254636 
6.752880    3904.484404 
6.762320    3905.711166 
6.771760    3906.934932 
6.781200    3908.155713 
6.790640    3909.373520 
6.800080    3910.588365 
6.809520    3911.800257 
6.818960    3913.009207 
6.828400    3914.215227 
6.837840    3915.418326 
6.847280    3916.618516 
6.856720    3917.815807 
6.866160    3919.010210 
6.875600    3920.201734 
6.885040    3921.390391 
6.894480    3922.576190 
6.903920    3923.759143 
6.913360    3924.939258 
6.922800    3926.116547 
6.932240    3927.291019 
6.941680    3928.462685 
6.951120    3929.631555 
6.960560    3930.797638 
6.970000    3931.960945 
6.979440    3933.121486 
6.988880    3934.279270 
6.998320    3935.434307 
7.007760    3936.586606 
7.017200    3937.736179 
7.026640    3938.883034 
7.036080    3940.027181 
7.045520    3941.168629 
7.054960    3942.307389 
7.064400    3943.443469 
7.073840    3944.576879 
7.083280    3945.707629 
7.092720    3946.835727 
7.102160    3947.961183 
7.111600    3949.084007 
7.121040    3950.204207 
7.130480    3951.321793 
7.139920    3952.436774 
7.149360    3953.549159 
7.158800    3954.658957 
7.168240    3955.766177 
7.177680    3956.870828 
7.187120    3957.972920 
7.196560    3959.072460 
7.206000    3960.169457 
7.215440    3961.263921 
7.224880    3962.355861 
7.234320    3963.445284 
7.243760    3964.532201 
7.253200    3965.616618 
7.262640    3966.698546 
7.272080    3967.777992 
7.281520    3968.854965 
7.290960    3969.929473 
7.300400    3971.001526 
7.309840    3972.071131 
7.319280    3973.138297 
7.328720    3974.203031 
7.338160    3975.265344 
7.347600    3976.325241 
7.357040    3977.382733 
7.366480    3978.437827 
7.375920    3979.490531 
7.385360    3980.540853 
7.394800    3981.588802 
7.404240    3982.634385 
7.413680    3983.677611 
7.423120    3984.718487 
7.432560    3985.757021 
7.442000    3986.793221 
7.451440    3987.827096 
7.460880    3988.858652 
7.470320    3989.887899 
7.479760    3990.914842 
7.489200    3991.939491 
7.498640    3992.961852 
7.508080    3993.981934 
7.517520    3994.999745 
7.526960    3996.015290 
7.536400    3997.028580 
7.545840    3998.039619 
7.555280    3999.048417 
7.564720    4000.054981 
7.574160    4001.059318 
7.583600    4002.061435 
7.593040    4003.061340 
7.602480    4004.059041 
7.611920    4005.054543 
7.621360    4006.047856 
7.630800    4007.038985 
7.640240    4008.027938 
7.649680    4009.014723 
7.659120    4009.999346 
7.668560    4010.981814 
7.678000    4011.962135 
7.687440    4012.940315 
7.696880    4013.916363 
7.706320    4014.890283 
7.715760    4015.862084 
7.726880    4016.841140 
7.736450    4017.818795 
7.755330    4018.847483 
7.764770    4019.873941 
7.774210    4020.898178 
7.793090    4021.974247 
7.802530    4023.047993 
7.821410    4024.174449 
7.830850    4025.298477 
7.849730    4026.476123 
7.859170    4027.651236 
7.878050    4028.880902 
7.887490    4030.107930 
7.906370    4031.390477 
7.915810    4032.670279 
7.934690    4034.006598 
7.944130    4035.340062 
7.953570    4036.670680 
7.972450    4038.058793 
7.981890    4039.443949 
8.000770    4040.887666 
8.010210    4042.328314 
8.029090    4043.828625 
8.038530    4045.325753 
8.057410    4046.883684 
8.066850    4048.438317 
8.085730    4050.054931 
8.095170    4051.668131 
8.114050    4053.344533 
8.123490    4055.017401 
8.132930    4056.686747 
8.151810    4058.420498 
8.161250    4060.150606 
8.180130    4061.946426 
8.189570    4063.738480 
8.208450    4065.597601 
8.217890    4067.452832 
8.236770    4069.376533 
8.246210    4071.296217 
8.265090    4073.285827 
8.274530    4075.271291 
8.283970    4077.252623 
8.312290    4079.382669 
8.321730    4081.508290 
8.331170    4083.629501 
8.340610    4085.746317 
8.350050    4087.858749 
8.359490    4089.966813 
8.368930    4092.070520 
8.378370    4094.169886 
8.387810    4096.264924 
8.397250    4098.355646 
8.406690    4100.442066 
8.416130    4102.524198 
8.425570    4104.602054 
8.435010    4106.675648 
8.444450    4108.744992 
8.453890    4110.810101 
8.463330    4112.870986 
8.472770    4114.927662 
8.482210    4116.980140 
8.491650    4119.028433 
8.501090    4121.072555 
8.510530    4123.112518 
8.519970    4125.148335 
8.529410    4127.180018 
8.538850    4129.207580 
8.548290    4131.231033 
8.557730    4133.250390 
8.567170    4135.265664 
8.576610    4137.276867 
8.586050    4139.284010 
8.595490    4141.287107 
8.604930    4143.286169 
8.614370    4145.281210 
8.623810    4147.272240 
8.633250    4149.259272 
8.642690    4151.242318 
8.652130    4153.221389 
8.661570    4155.196499 
8.671010    4157.167659 
8.680450    4159.134880 
8.689890    4161.098175 
8.699330    4163.057554 
8.701390    4164.954941 
9.482460    4484.951774 
9.702770    4804.312431 
9.702770    4995.157131 
9.732510    5313.377980 
9.732510    5503.339869 
9.732510    5637.669702 
9.732510    5740.905790 
9.762260    5942.280679 
9.762260    6082.028729 
9.762260    6188.274885 
9.762260    6273.461945 
9.781140    6379.310536 
9.781140    6464.142229 
9.781140    6534.537528 
9.781140    6594.403231 
9.800020    6664.532793 
9.800020    6724.153906 
9.800020    6775.770727 
9.800020    6821.087208 
9.818900    6872.508554 
9.818900    6917.642234 
9.818900    6957.697845 
9.818900    6993.566498 
